-6.203226372599601746e-02
1.923471502959728241e-02
-2.541488222777843475e-02
7.140415906906127930e-02
5.077309161424636841e-02
-3.409446030855178833e-02
-2.444802969694137573e-02
3.443120419979095459e-02
-8.596699626650661230e-05
2.650832571089267731e-02
2.296701259911060333e-02
-4.745359718799591064e-02
1.705225408077239990e-01
-8.231391012668609619e-02
9.757330408319830894e-04
-6.057910621166229248e-02
-3.697502892464399338e-03
-6.236946210265159607e-02
-3.975424915552139282e-02
3.581383451819419861e-02
-2.716491557657718658e-02
-3.992427140474319458e-02
9.815731644630432129e-02
1.236491807503625751e-04
4.950008541345596313e-02
4.627545922994613647e-02
-8.838791400194168091e-02
6.790679693222045898e-02
9.360274672508239746e-02
-6.703207641839981079e-02
1.200361698865890503e-01
1.232534945011138916e-01
-4.905819520354270935e-02
1.266227662563323975e-01
4.456788301467895508e-02
1.361494213342666626e-01
-7.239439338445663452e-02
1.204742193222045898e-01
3.000037185847759247e-02
2.539724409580230713e-01
1.469718664884567261e-01
6.510230898857116699e-02
-3.895391523838043213e-02
-2.198078669607639313e-02
1.028159111738204956e-01
-3.275940939784049988e-02
1.404254138469696045e-02
-7.237770594656467438e-03
-8.064660429954528809e-02
-2.734654583036899567e-02
-6.237984821200370789e-02
1.086177751421928406e-01
-3.876692848280072212e-03
3.745149075984954834e-02
9.058474004268646240e-02
6.100019905716180801e-03
2.389086596667766571e-02
-1.962875388562679291e-02
6.234285235404968262e-02
3.277142345905303955e-02
7.390389591455459595e-02
1.767556555569171906e-02
1.379959136247634888e-01
1.054537221789360046e-01
1.251810789108276367e-02
1.123027652502059937e-01
-1.592325419187545776e-02
1.360433697700500488e-01
4.454786330461502075e-02
2.196117192506790161e-01
-4.789488390088081360e-02
2.522557079792022705e-01
4.170803353190422058e-02
-7.338028401136398315e-02
-6.298393011093139648e-02
8.380704559385776520e-03
1.856888383626937866e-01
-2.089492976665496826e-02
-5.087600275874137878e-02
-3.181867301464080811e-02
-7.729874551296234131e-02
6.413102895021438599e-02
8.526504971086978912e-04
7.574496790766716003e-03
-4.501332715153694153e-02
-5.056461319327354431e-02
6.540513783693313599e-02
-8.033860474824905396e-02
2.081342339515686035e-01
4.860433936119079590e-02
2.239257128167082556e-06
-6.011934205889701843e-02
-1.796700805425643921e-02
-8.083598315715789795e-02
1.284846812486648560e-01
1.062645614147186279e-01
4.349738359451293945e-02
-3.432001546025276184e-02
-2.773278392851352692e-02
-4.571800678968429565e-02
-2.248510718345642090e-02
2.059724777936935425e-01
5.490247532725334167e-02
1.743044406175613403e-01
2.254444211721420288e-01
-4.601064696907997131e-02
-7.535848021507263184e-02
8.461098372936248779e-02
1.771717518568038940e-01
-6.759228557348251343e-02
3.307059779763221741e-02
6.419583410024642944e-02
6.559479236602783203e-02
-2.528354898095130920e-02
9.281191974878311157e-02
-8.558022230863571167e-02
-1.495817850809544325e-04
1.178851947188377380e-01
-5.331505462527275085e-02
-8.244328200817108154e-02
2.264627665281295776e-01
3.372148796916007996e-02
1.881621778011322021e-02
-4.902705550193786621e-02
1.109880879521369934e-01
-1.897932402789592743e-02
1.325006484985351562e-01
6.241530552506446838e-02
8.397846668958663940e-02
8.669662475585937500e-02
1.073339357972145081e-01
-4.421467706561088562e-02
-2.552058547735214233e-02
1.235252395272254944e-01
-5.155210196971893311e-02
1.796959191560745239e-01
1.995699852705001831e-01
-7.956626266241073608e-02
9.543116390705108643e-02
9.375270456075668335e-02
1.869398504495620728e-01
7.662962377071380615e-02
-6.215311586856842041e-02
-3.331320360302925110e-02
-2.101335115730762482e-02
-1.149812899529933929e-02
9.047759696841239929e-03
-2.311858907341957092e-02
-1.603697426617145538e-02
-1.399945002049207687e-03
1.587911276146769524e-03
1.571761071681976318e-02
1.718958020210266113e-01
-1.285652443766593933e-02
3.479157388210296631e-02
7.596033537993207574e-05
4.702524840831756592e-02
5.460183136165142059e-03
9.060917049646377563e-02
9.591040015220642090e-02
5.973578244447708130e-02
9.736941009759902954e-02
6.434778124094009399e-02
9.961281716823577881e-02
3.230094164609909058e-02
7.458335906267166138e-02
-4.495396465063095093e-02
1.888640224933624268e-01
1.136931478977203369e-01
1.893700845539569855e-02
6.900934968143701553e-03
-4.522042721509933472e-02
7.673121243715286255e-02
-7.177781313657760620e-02
6.660268455743789673e-02
-5.768751725554466248e-02
-4.679726809263229370e-02
-6.278111040592193604e-02
4.672695696353912354e-02
9.994580596685409546e-02
6.429873406887054443e-02
-9.949886240065097809e-03
1.276717185974121094e-01
3.430594503879547119e-02
1.200455613434314728e-02
2.083957754075527191e-02
-6.258039176464080811e-02
-7.395339757204055786e-02
9.468309581279754639e-02
-1.467118225991725922e-02
3.762083500623703003e-02
1.238800883293151855e-01
-4.586778581142425537e-02
-4.179329797625541687e-02
6.009408086538314819e-02
4.120941087603569031e-02
-8.367912471294403076e-02
1.322043538093566895e-01
-4.703421611338853836e-03
2.499187886714935303e-01
2.707014083862304688e-01
-3.455368429422378540e-02
9.919678419828414917e-02
6.950379908084869385e-02
1.847832500934600830e-01
6.452763453125953674e-03
-3.214145824313163757e-02
1.961593329906463623e-02
7.834465056657791138e-02
2.409760281443595886e-02
-8.230253122746944427e-03
6.134600937366485596e-02
4.879882186651229858e-02
3.484958037734031677e-02
5.803641304373741150e-02
7.013753056526184082e-02
1.488171219825744629e-01
5.971985310316085815e-02
-1.269365381449460983e-02
-4.162942990660667419e-02
-4.015912488102912903e-02
-7.700696587562561035e-02
4.614732414484024048e-02
8.857829868793487549e-02
2.396285347640514374e-02
8.489357680082321167e-02
4.348859935998916626e-02
9.383788332343101501e-03
-3.258104622364044189e-02
2.236324399709701538e-01
4.188388213515281677e-02
2.396599650382995605e-01
3.809197843074798584e-01
3.896158561110496521e-02
-5.936262011528015137e-02
-2.559389173984527588e-02
7.584906369447708130e-02
-1.058799307793378830e-02
-1.493428368121385574e-02
5.975810810923576355e-02
-6.804155558347702026e-02
2.799624763429164886e-02
3.205114603042602539e-02
1.609146711416542530e-03
9.415031969547271729e-02
-1.718408428132534027e-02
2.511211298406124115e-02
-4.630786180496215820e-02
2.655327320098876953e-01
-5.445729941129684448e-02
7.980611920356750488e-02
-5.786082521080970764e-02
5.132195726037025452e-02
2.319107018411159515e-02
1.291336417198181152e-01
-9.787860326468944550e-03
-6.630299985408782959e-02
1.018380895256996155e-01
6.336488574743270874e-02
-3.796634450554847717e-02
-8.199315518140792847e-02
2.031382918357849121e-01
-1.664935238659381866e-02
9.828101843595504761e-02
3.295069634914398193e-01
-4.601581022143363953e-02
-4.841735586524009705e-03
-3.858648613095283508e-02
6.916988641023635864e-02
-6.690376251935958862e-02
-5.220009759068489075e-02
1.134011223912239075e-01
7.342456956394016743e-04
3.221312537789344788e-02
8.736757934093475342e-02
-5.496086552739143372e-02
-6.495489180088043213e-02
1.212566643953323364e-01
6.792382895946502686e-02
-1.794180367141962051e-03
2.207254618406295776e-01
-4.249908775091171265e-02
2.429715730249881744e-02
1.761130988597869873e-02
4.705387726426124573e-02
-4.651736468076705933e-02
3.238859400153160095e-02
1.267227679491043091e-01
-4.792591556906700134e-02
-4.425054788589477539e-02
4.813405126333236694e-02
1.344887465238571167e-01
-2.122651040554046631e-02
3.487952426075935364e-02
7.573883980512619019e-02
2.127088904380798340e-01
2.825905680656433105e-01
4.430110380053520203e-02
1.193157285451889038e-01
2.054018713533878326e-02
1.568042188882827759e-01
9.261961281299591064e-02
4.461081698536872864e-02
-5.697905272245407104e-02
6.633547600358724594e-03
5.018799379467964172e-02
1.546520143747329712e-01
1.311582233756780624e-02
1.045133993029594421e-01
-1.436361018568277359e-02
4.365797340869903564e-02
2.376817353069782257e-02
2.260456681251525879e-01
-7.342155277729034424e-02
-5.904897674918174744e-02
-3.693442046642303467e-02
1.003064885735511780e-01
3.717428073287010193e-02
2.718904986977577209e-03
2.024428918957710266e-02
-2.981015853583812714e-02
2.938849292695522308e-02
-6.736036390066146851e-02
7.102644443511962891e-02
-4.520358517765998840e-02
8.709847927093505859e-02
1.245537474751472473e-01
6.617639958858489990e-02
2.695122361183166504e-01
5.779331084340810776e-03
7.594032585620880127e-02
-3.848850727081298828e-02
6.902188807725906372e-02
-2.443943917751312256e-02
-8.072247356176376343e-02
9.245917946100234985e-02
6.672005355358123779e-02
6.534022837877273560e-02
9.218431264162063599e-02
6.127737462520599365e-02
-5.910676717758178711e-02
-1.220175065100193024e-02
1.080618724226951599e-01
1.100014597177505493e-01
7.624661177396774292e-02
-4.031689465045928955e-02
1.623438857495784760e-02
-5.785228312015533447e-02
6.153101101517677307e-02
8.134445548057556152e-02
-4.650750197470188141e-03
6.476581841707229614e-02
4.916422441601753235e-02
-5.646869912743568420e-02
-6.717290729284286499e-02
4.494710266590118408e-02
-7.033827155828475952e-02
2.039495706558227539e-01
1.671959273517131805e-02
1.666475236415863037e-01
3.321724236011505127e-01
-9.331150911748409271e-03
1.330144703388214111e-01
-5.846970248967409134e-03
1.557279080152511597e-01
-6.938301771879196167e-02
-5.037857219576835632e-02
-1.623395510250702500e-04
-1.188136502605630085e-05
8.809513412415981293e-03
-3.210800350643694401e-04
7.925351709127426147e-02
1.268131565302610397e-02
-7.062301039695739746e-02
8.326980471611022949e-02
2.839481271803379059e-02
1.408985555171966553e-01
9.086473286151885986e-02
-8.511810749769210815e-02
-3.288662061095237732e-02
9.811095893383026123e-02
6.211593374609947205e-02
6.739272922277450562e-02
1.657567359507083893e-02
-7.057799398899078369e-02
8.746748417615890503e-02
1.345783844590187073e-02
8.045416325330734253e-02
-1.587169617414474487e-02
1.637051701545715332e-01
1.243146806955337524e-01
1.967479437589645386e-01
3.805632889270782471e-01
2.339051570743322372e-03
9.508793801069259644e-02
2.746018953621387482e-02
1.230002641677856445e-01
-3.106670640408992767e-02
4.348121210932731628e-02
6.387510150671005249e-02
8.032387122511863708e-03
5.681259185075759888e-02
1.046997979283332825e-01
8.419052511453628540e-02
2.319523505866527557e-02
1.994596794247627258e-02
1.589395105838775635e-01
9.267958253622055054e-02
1.762055754661560059e-01
6.479947362095117569e-03
-2.294324338436126709e-02
-2.669894322752952576e-02
9.644457139074802399e-03
-6.521716713905334473e-02
-4.358447715640068054e-02
1.236212551593780518e-01
5.621251836419105530e-02
2.567405439913272858e-02
5.570123344659805298e-02
1.088841333985328674e-01
-2.900320105254650116e-02
1.996850967407226562e-01
1.031305082142353058e-02
4.491550102829933167e-02
2.837020456790924072e-01
-5.648431554436683655e-02
1.572408974170684814e-01
-1.979882828891277313e-02
1.413345187902450562e-01
-6.672889739274978638e-02
2.888433821499347687e-02
4.332878440618515015e-02
1.083500683307647705e-01
-5.158495530486106873e-02
1.636769920587539673e-01
-6.680384278297424316e-02
5.329836159944534302e-02
1.000862121582031250e-01
8.841235190629959106e-02
-4.227319359779357910e-02
1.139778941869735718e-01
-8.243256248533725739e-03
3.977318108081817627e-02
-1.494659669697284698e-02
1.001367121934890747e-01
-2.752923406660556793e-02
-5.786323919892311096e-03
5.123123526573181152e-02
-2.521326020359992981e-02
9.268737584352493286e-02
-1.870083622634410858e-02
1.322631537914276123e-01
4.182573035359382629e-02
9.804761409759521484e-02
-4.884354025125503540e-02
1.510219424962997437e-01
2.639826536178588867e-01
-6.318714935332536697e-03
1.242721080780029297e-01
7.307058572769165039e-02
3.142372891306877136e-02
7.780690491199493408e-02
5.630556493997573853e-03
5.095567554235458374e-02
4.964658990502357483e-02
-6.745719164609909058e-02
7.706953585147857666e-02
-6.267688423395156860e-02
-6.244636327028274536e-02
1.257386654615402222e-01
1.330149918794631958e-01
-4.644137248396873474e-02
3.326187143102288246e-03
-7.230515778064727783e-02
-2.709003724157810211e-02
-8.500107377767562866e-02
6.441380083560943604e-02
-1.252901088446378708e-02
-6.945265084505081177e-02
6.405043601989746094e-02
5.275967717170715332e-02
9.959589689970016479e-02
-4.012977704405784607e-02
3.910839185118675232e-02
-1.721273735165596008e-02
2.837307006120681763e-02
1.058573722839355469e-01
1.266148239374160767e-01
1.776501685380935669e-01
5.170031916350126266e-03
1.025853380560874939e-01
2.162674441933631897e-02
-3.465608879923820496e-02
-3.334829211235046387e-02
-2.482093498110771179e-02
8.604580536484718323e-03
2.265002578496932983e-03
7.089839130640029907e-02
1.369709987193346024e-02
1.660517603158950806e-01
6.257318705320358276e-02
-1.902136020362377167e-02
1.335018277168273926e-01
2.941798232495784760e-02
-3.457504510879516602e-02
-1.927936263382434845e-02
9.488750249147415161e-02
7.220506668090820312e-02
8.360473066568374634e-02
-1.980638690292835236e-02
-1.699565909802913666e-02
1.540157198905944824e-02
-1.668391376733779907e-02
1.189793050289154053e-01
-8.223597705364227295e-02
6.066800653934478760e-02
1.600635796785354614e-02
1.516104042530059814e-01
7.368882000446319580e-02
1.464312337338924408e-02
2.960610687732696533e-01
-6.635761260986328125e-02
1.212906390428543091e-01
6.790018081665039062e-02
-7.220002263784408569e-02
-3.345964103937149048e-02
-7.590998709201812744e-02
1.104647889733314514e-01
-3.470570547506213188e-03
1.857834868133068085e-02
1.236571967601776123e-01
2.615933120250701904e-02
7.998484373092651367e-02
-6.340415775775909424e-02
8.515188843011856079e-02
7.600744813680648804e-02
6.131782010197639465e-02
1.838466525077819824e-02
-6.991895288228988647e-02
-2.581804431974887848e-02
1.382557004690170288e-01
3.354068100452423096e-02
4.480440914630889893e-02
-7.315208017826080322e-02
-4.092028737068176270e-02
-4.374808631837368011e-03
-6.417825818061828613e-02
1.514122039079666138e-01
5.929695069789886475e-02
7.282672822475433350e-02
1.320006549358367920e-01
-4.690144211053848267e-02
2.398621141910552979e-01
4.555742442607879639e-02
1.605926305055618286e-01
-3.444747626781463623e-02
-3.982961550354957581e-02
-5.199624598026275635e-02
5.987642332911491394e-03
1.829714775085449219e-01
1.321399658918380737e-01
1.128622889518737793e-02
1.942972093820571899e-01
1.084994617849588394e-02
1.580201461911201477e-02
4.867301788181066513e-03
9.335195273160934448e-02
5.243230983614921570e-02
1.662147790193557739e-01
7.848679274320602417e-02
2.022361732088029385e-04
-7.821631431579589844e-02
1.256227791309356689e-01
-7.875654846429824829e-03
-3.181191161274909973e-02
-2.992175146937370300e-02
4.944634623825550079e-03
-6.808755546808242798e-02
4.404357820749282837e-02
-2.553757838904857635e-02
-7.189776748418807983e-02
3.603599593043327332e-02
-2.765027806162834167e-02
2.543677203357219696e-02
1.267635524272918701e-01
-4.574974998831748962e-02
1.795142441987991333e-01
-4.217806085944175720e-02
-3.748436272144317627e-02
-7.077098637819290161e-02
9.688196703791618347e-03
1.699061989784240723e-01
4.922542348504066467e-02
4.205840080976486206e-02
9.516000002622604370e-02
7.431262731552124023e-02
6.592304259538650513e-02
9.292936325073242188e-02
9.703882783651351929e-02
3.176302090287208557e-02
2.084658294916152954e-02
-8.580974489450454712e-02
-2.613795176148414612e-02
2.729345811530947685e-03
9.917992353439331055e-02
2.215382270514965057e-02
2.651638910174369812e-02
-2.215271256864070892e-02
3.269282728433609009e-02
2.846722863614559174e-02
-1.326606050133705139e-02
7.471699267625808716e-02
8.094230294227600098e-02
1.381185054779052734e-01
7.979243248701095581e-02
4.157651215791702271e-02
6.133990734815597534e-02
-8.396347612142562866e-02
2.130550295114517212e-01
-5.855326727032661438e-02
-2.992321550846099854e-02
6.142683699727058411e-02
-2.973441034555435181e-02
7.455846667289733887e-02
1.020364686846733093e-01
1.023764535784721375e-01
1.496922373771667480e-01
3.219695761799812317e-02
-5.621792376041412354e-02
5.851388350129127502e-02
2.062442712485790253e-02
1.539885550737380981e-01
7.127555459737777710e-02
7.183582335710525513e-02
-4.233329743146896362e-02
-3.681448101997375488e-02
1.224167943000793457e-01
5.152693763375282288e-02
1.513529755175113678e-02
1.173044294118881226e-01
4.127415269613265991e-02
1.370393037796020508e-01
-4.612780734896659851e-02
5.046139284968376160e-02
-7.832531630992889404e-02
-7.219260931015014648e-02
3.604216501116752625e-02
3.656683117151260376e-02
1.014188602566719055e-01
2.061807364225387573e-02
-3.120152512565255165e-03
-8.143763989210128784e-02
-3.481336683034896851e-02
7.203053683042526245e-02
1.674558222293853760e-02
3.168656304478645325e-02
6.352413445711135864e-02
1.193863078951835632e-01
1.502666026353836060e-01
1.504948884248733521e-01
7.537607848644256592e-02
-7.767147570848464966e-02
-5.582445859909057617e-02
1.404535323381423950e-01
-5.969899147748947144e-02
7.557131350040435791e-02
5.656979978084564209e-02
5.971525609493255615e-02
1.260091960430145264e-01
5.307541042566299438e-02
-8.880646899342536926e-03
-4.992933943867683411e-02
6.983747333288192749e-02
1.119291409850120544e-02
-3.074923716485500336e-02
9.461756795644760132e-03
-2.845930866897106171e-02
2.587853372097015381e-02
-4.929718002676963806e-02
-6.110212206840515137e-02
9.905336797237396240e-02
-2.165013551712036133e-02
1.778386980295181274e-01
-3.927474096417427063e-02
-5.497038364410400391e-02
-3.134565055370330811e-02
6.730966269969940186e-02
1.005221158266067505e-01
1.273972988128662109e-01
4.447197075933218002e-03
1.656782329082489014e-01
1.475806236267089844e-01
-7.902196794748306274e-02
-1.481050159782171249e-02
-1.371980085968971252e-02
1.999085992574691772e-01
-2.095273928716778755e-03
3.198960423469543457e-02
5.788413435220718384e-02
-5.915611982345581055e-02
1.027472130954265594e-02
-5.141348391771316528e-02
-3.370386734604835510e-02
-3.520682454109191895e-02
4.283642396330833435e-02
-4.209015518426895142e-02
-5.333174020051956177e-02
6.807237863540649414e-02
2.182890474796295166e-02
5.572924390435218811e-02
1.213747039437294006e-01
-9.469688520766794682e-04
1.086224913597106934e-01
-7.045373320579528809e-02
8.512325584888458252e-02
6.308442354202270508e-02
1.799054816365242004e-02
2.013912983238697052e-02
-4.753230512142181396e-02
1.513233631849288940e-01
1.322169136255979538e-02
8.046951889991760254e-02
1.268896907567977905e-01
-1.185590587556362152e-02
1.174664963036775589e-02
-3.539359569549560547e-02
-4.737957194447517395e-02
1.728630810976028442e-01
3.410629928112030029e-02
6.300747394561767578e-02
-1.949666254222393036e-02
1.118701137602329254e-02
7.064314931631088257e-02
-2.030404843389987946e-02
-4.097844660282135010e-02
-3.492306172847747803e-02
4.864449426531791687e-02
3.662545606493949890e-02
6.780373305082321167e-02
1.045358404517173767e-01
-2.643872611224651337e-02
-2.039170265197753906e-02
-3.276645392179489136e-02
5.317719187587499619e-03
-2.933027967810630798e-02
-6.150956079363822937e-02
1.420005261898040771e-01
2.183783799409866333e-02
2.617659233510494232e-02
-3.675334900617599487e-02
-2.686836989596486092e-03
8.498477190732955933e-02
3.088185749948024750e-02
1.259362399578094482e-01
2.954863384366035461e-02
-4.639375582337379456e-02
-8.064561337232589722e-02
-4.690146446228027344e-02
1.039134785532951355e-01
1.844132244586944580e-01
6.004012376070022583e-02
-2.118259109556674957e-02
7.800970971584320068e-02
7.917435467243194580e-02
-1.959719322621822357e-02
1.995281875133514404e-02
9.580633603036403656e-03
3.379115462303161621e-02
-3.142724558711051941e-02
-4.689708352088928223e-02
8.370307832956314087e-02
6.072372943162918091e-02
-7.778159342706203461e-03
-6.350921094417572021e-02
8.713256567716598511e-02
-3.967408835887908936e-02
-2.703791484236717224e-02
-2.392773516476154327e-02
1.721409410238265991e-01
3.022521920502185822e-02
-6.887344270944595337e-02
8.361334353685379028e-02
7.532814145088195801e-02
1.674773097038269043e-01
1.416673809289932251e-01
2.314460277557373047e-02
1.629435569047927856e-01
4.814470559358596802e-02
-4.558156058192253113e-02
7.002925872802734375e-02
-5.781583860516548157e-02
1.698835939168930054e-01
1.115876343101263046e-02
-7.966955751180648804e-02
1.478264387696981430e-02
-8.717425167560577393e-02
-1.180299650877714157e-02
-5.025391280651092529e-02
-1.084255706518888474e-02
9.850200265645980835e-02
